2026001  谢依诺    19  92  88  95
2026002  李明轩    19  85  90  78
2026003  王梓涵    18  77  82  91
2026004  张子墨    19  89  76  83
2026005  刘浩然    18  93  85  79
2026006  陈雨桐    19  78  92  86
2026007  杨雨泽    18  82  75  90
2026008  黄嘉怡    19  95  81  77
2026009  周俊豪    18  76  89  84
2026010  吴雨欣    19  88  73  92
2026011  郑文博    18  91  87  75
2026012  马若曦    19  83  94  80
2026013  林宇泽    18  79  81  89
2026014  何佳怡    19  94  78  82
2026015  高子轩    18  81  93  76
2026016  罗欣悦    19  75  86  93
2026017  郭天宇    18  87  79  85
2026018  梁若彤    19  90  84  78
2026019  邓子豪    18  84  91  73
2026020  宋雨桐    19  78  83  94
2026021  唐嘉乐    18  92  77  81
2026022  韩雨萱    19  86  95  74
2026023  曹子轩    18  73  88  87
2026024  曾佳怡    19  95  80  79
2026025  丁俊辉    18  82  92  83
2026026  董欣悦    19  79  85  91
2026027  袁天宇    18  88  74  86
2026028  吕若曦    19  91  89  75
2026029  苏文博    18  85  93  78
2026030  卢雨欣    19  76  81  92
2026031  蒋佳豪    18  93  78  84
2026032  蔡雨桐    19  81  87  79
2026033  余子墨    18  77  94  82
2026034  金浩然    19  89  82  76
2026035  尹佳怡    18  94  75  88
2026036  熊天宇    19  83  90  73
2026037  陆欣悦    18  78  84  91
2026038  洪子轩    19  90  79  85
2026039  钟雨泽    18  85  88  77
2026040  姜嘉怡    19  75  92  81
2026041  薛俊豪    18  92  83  79
2026042  白雨欣    19  87  76  93
2026043  秦文博    18  81  91  84
2026044  邵若曦    19  79  85  89
2026045  孟佳怡    18  93  78  82
2026046  严子轩    19  84  90  75
2026047  龙雨泽    18  76  82  94
2026048  陶嘉乐    19  91  87  78
2026049  黎雨萱    18  88  73  86
2026050  温子豪    19  82  95  80
